>NZ_CP010654.1
+1 +2 $
>NZ_CP010615.1
+3 +4 $
>NZ_CP010712.1
+3 +4 $
>NZ_CP010754.1
+3 +4 $
>NZ_CP010763.1
+3 +4 $
>NZ_CP010764.1
+1 +2 $
>NZ_CP010607.1
+5 $
>NZ_CP010631.1
+6 +7 +8 +9 +10 $
>NZ_CP010601.1
+6 +8 +9 +11 $
>NZ_CP010758.1
+6 +8 +9 +11 $
>NZ_CP010619.1
+7 +8 +9 $
>NZ_CP010740.1
+12 +13 +14 $
>NZ_CP081227.1
-3 $
>NZ_CP010755.1
+12 +13 +14 $
>NZ_CP010760.1
+15 +16 +17 +18 +19 $
>NZ_CP010765.1
+5 $
>NZ_CP010698.1
+16 $
>NZ_CP010728.1
-19 $
>NZ_CP010729.1
+16 $
>NZ_CP081234.1
+20 +21 +22 +23 $
>NZ_CP010627.1
+24 $
>NZ_CP010699.1
+24 +25 +26 $
>NZ_CP010732.1
+27 +28 $
>NZ_CP010711.1
+27 +28 $
>NZ_CP010665.1
+27 +28 $
>NZ_CP010762.1
+27 +28 $
>NZ_CP010744.1
+27 +28 $
>NZ_CP010655.1
+27 +28 $
>NZ_CP010622.1
+27 +28 $
>NZ_CP010605.1
+27 +28 $
>NZ_CP010614.1
+27 +28 $
>NZ_CP010730.1
-4 $
>NC_018422.1
-28 -27 $
>NZ_CP010598.1
+27 +28 $
>NZ_CP010739.1
+27 +28 $
>NZ_CP081246.1
-28 -27 $
>NZ_CP081264.1
+27 +28 $
>NZ_CP081284.1
-27 -28 $
>NZ_CP031955.1
-28 -27 $
>NZ_CP081168.1
+27 +28 $
>NZ_CP081173.1
-27 -28 $
>NZ_CP010714.1
+29 $
>NZ_CP081214.1
+27 +28 $
>NZ_CP081228.1
-28 -27 $
>NZ_CP081232.1
+27 +28 $
>NZ_CP081238.1
-28 -27 $
>NZ_CP010752.1
+30 +31 +32 +33 $
>NZ_CP081273.1
-28 -27 $
>NZ_CP010731.1
+30 +31 +32 +33 $
>NZ_CP010761.1
+30 +31 +32 +33 $
>NZ_CP010743.1
+30 +31 +32 +33 $
>NZ_CP010747.1
+30 +31 +32 +33 $
>NZ_CP010664.1
+30 +31 +32 +33 $
>NZ_CP010735.1
+34 +35 +36 +37 +38 +39 +40 +41 +42 +43 +44 +45 +46 +47 +48 +49 +50 +51 +52 +53 +54 +55 +56 +57 +58 +59 +60 +61 +62 +63 +64 +65 +66 +67 +68 +69 +70 +71 +72 +73 +74 +75 +29 +76 +77 +78 +79 +80 +81 +82 +83 +84 +85 +86 -37 +87 +88 +89 +90 +91 +92 +93 +94 -37 +95 +96 +97 +98 +99 -37 +100 +101 +102 +103 +104 +105 +106 +107 $
>NZ_CP010597.1
+30 +31 +32 +33 $
>NZ_CP010662.1
+108 +109 +110 +8 +9 +11 +10 $
>NZ_CP010611.1
+108 +109 +110 +8 +9 +11 +10 $
>NZ_CP081217.1
+23 +20 +21 +22 +111 +109 $
>NZ_CP081167.1
+112 +113 +114 +115 +116 +117 +118 +119 +120 +121 +122 +123 +124 $
>NZ_CP081226.1
-124 -123 -122 -121 -120 -119 -118 -117 -116 -115 -114 -113 +125 +126 +127 -112 $
>NZ_CP010705.1
+34 +35 +36 +37 -99 -98 -97 -96 -95 +37 -94 -93 -92 -91 -90 +128 +129 -89 -87 +37 -86 -85 -84 -83 -82 -80 -29 -79 -78 -77 -76 -75 +130 -74 -73 -72 +131 -71 -70 -69 -67 -66 -65 -64 +132 -63 -62 -61 -60 -59 -58 -57 -56 -54 -53 -52 -51 -50 -49 -48 -47 -46 -45 -44 +133 -43 -42 -41 +81 -40 -39 -38 -37 +100 +101 +134 +102 +103 +104 +105 +135 +106 +107 $
>NZ_CP081255.1
+28 +27 $
>NZ_CP010756.1
+34 +35 +36 +37 -13 -99 -98 -97 -96 -95 +37 -94 -93 -92 -91 -90 +128 +129 -89 -87 +37 -86 -85 -84 -83 -82 -80 -79 -78 -77 -76 -75 +130 -74 -73 -72 +131 -71 -70 -69 -67 -66 -65 -64 +132 -63 -62 -61 -60 -59 -58 -57 -56 -54 -53 -52 -51 -50 -49 -48 -47 -46 -135 -45 -44 +133 -43 -42 -41 +81 -40 -39 -38 -37 +100 +101 +134 +102 +103 +104 +105 +106 +107 $
>NZ_CP081272.1
-118 -117 -116 -115 -114 -113 +125 -112 -124 -123 -122 -121 -120 -119 $
>NZ_CP081172.1
-119 -118 -117 -116 -115 -114 -113 +125 -112 -124 -123 -122 -121 -120 $
>NZ_CP010652.1
+25 +26 $
>NZ_CP010749.1
+34 +35 +36 +37 +38 +39 +40 +136 +41 +42 +43 -133 +44 +45 +137 +138 +47 +48 +49 +50 +51 +52 +53 +54 +56 +57 +58 +59 +60 +61 +62 +63 +64 +65 +66 +67 +68 +69 +70 +71 +72 +73 +74 +75 +76 +77 +78 +79 +80 +81 +82 +83 +84 +85 +86 -37 +87 +139 +89 +90 +91 +92 +93 +94 -37 +95 +96 +97 +98 +99 -37 +100 +101 +102 +103 +104 +105 +106 +107 $
>NZ_CP010626.1
+27 +28 $
>NZ_CP081231.1
-113 +125 -112 -124 -123 -122 -121 -120 -119 -118 -117 -116 -115 -114 $
>NZ_CP010599.1
+34 +35 +36 +37 -13 -99 -98 -97 -96 -95 +37 -94 -93 -92 -91 -90 +128 +129 -89 -87 +37 -86 -85 -84 -83 -82 -80 -79 -78 -77 -76 -75 +130 -74 -73 -72 +131 -71 -70 -69 -67 -66 -65 -64 +132 -63 -62 -61 -60 -59 -58 -57 -56 -54 -53 -52 -51 -50 -49 -48 -47 -46 -135 -45 -44 +133 -43 -42 -41 +81 -40 -39 -38 -37 +100 +101 +134 +102 +103 +104 +105 +106 +107 $
>NZ_CP010736.1
+120 +121 +122 +123 +124 +112 -125 +113 +114 +115 +116 +117 +118 +119 $
>NZ_CP010750.1
+108 +109 +110 +8 +9 +11 +10 $
>NZ_CP010595.1
+34 +37 +140 -99 -98 +41 +42 +43 +141 +44 +45 +46 +47 +48 +49 +50 +51 +52 +53 +54 +56 +57 +58 +59 +60 +61 +62 +63 +64 +65 +81 +66 +67 +68 +142 +69 +143 +70 +71 +72 +73 +75 +144 +145 +76 +130 +4 +77 +78 +79 +80 +82 +85 +146 -37 +87 +89 +90 +91 +92 +93 +94 +147 -37 +95 +96 +148 +149 -40 -39 -38 -37 +100 +150 +102 +103 +104 +105 +106 +107 $
>NZ_CP010709.1
+15 +16 +17 +18 +19 $
>NZ_CP081277.1
-120 -119 -118 -117 -116 -115 -114 -113 +125 -112 -124 -123 -122 -121 $
>NZ_CP010707.1
+6 +8 +9 +11 $
>NZ_CP081274.1
+30 +31 +32 +33 $
>NZ_CP031952.1
+34 +35 +36 +37 +38 +39 +40 +41 +42 +43 +44 +45 +46 +138 +47 -133 +151 +48 +49 +50 +51 +52 +53 +54 +152 +56 +57 +58 +59 +60 +61 +62 +63 +64 +65 +66 +67 +69 +70 +153 +71 +72 +73 +74 +75 +76 +77 +78 +79 +80 +81 +82 +83 +84 +85 +86 -37 +87 +89 +90 +91 +92 +93 +94 -37 +95 +96 +97 +98 +99 -37 +100 +101 +102 +103 +104 +105 +106 +107 $
>NZ_CP010751.1
+120 +121 +122 +123 +124 +112 -109 +113 +114 +115 +116 +117 +118 +119 $
>NZ_CP081247.1
-33 -32 -31 -30 $
>NZ_CP081243.1
+34 +35 +36 +37 +38 +39 +40 +41 +154 +42 +43 +44 +45 +46 +47 +48 +49 +50 +51 +52 +53 +54 +56 +57 +58 +59 +60 +61 +62 +63 -132 +64 +65 +66 +67 +69 +70 +155 +71 +72 +73 +74 +75 +76 +77 +78 +79 +80 +81 +82 +83 +84 +85 +86 -37 +87 +139 +89 +90 +91 +92 +93 +94 -37 +95 +96 +156 +97 +98 +99 -37 +100 +101 +102 +103 +104 +105 +106 +107 $
>NZ_CP010604.1
+30 +31 +32 +33 $
>NZ_CP081241.1
-115 -114 -113 +125 -112 -124 -123 -122 -121 -120 -119 -118 -117 -116 -115 $
>NZ_CP081237.1
-114 -113 +125 -112 -124 -123 -122 -121 -120 -119 -118 -117 -116 -115 $
>NZ_CP010603.1
+15 +16 +17 +18 +19 $
>NZ_CP081245.1
-117 -116 -115 -114 -113 +125 -112 -124 -123 -122 -121 -120 -119 -118 $
>NZ_CP081275.1
+34 +35 +36 +37 +38 +39 +40 +41 +42 +43 +44 +45 +46 +47 +48 +49 +50 +51 +52 +53 +54 +56 +57 +58 +59 +60 +61 +62 +63 -132 +64 +65 +66 +67 +69 +70 +71 +72 +73 +74 +75 +76 +157 +77 +78 +79 +80 +81 +82 +83 +84 +85 +86 -37 +87 +89 +90 +91 +92 +93 +94 -37 +95 +96 +97 +98 +99 -37 +100 +101 +102 +103 +104 +105 +106 +107 $
>NZ_CP010606.1
+3 +4 $
>NZ_CP081256.1
+30 +31 +32 +33 $
>NZ_CP010702.1
+27 +28 $
>NZ_CP010620.1
+30 +31 +32 +33 $
>NZ_CP081218.1
-115 -114 -113 +125 -112 -124 -123 -122 -121 -120 -119 -118 -117 -116 $
>NZ_CP010617.1
+34 +37 +38 +39 +40 -148 +41 +42 +43 +141 +44 +45 +158 +47 -133 +48 +49 +50 +51 +52 +53 +54 +56 +57 +58 +59 +60 +61 +62 +63 +64 +65 +81 +66 +67 +69 +70 +71 +72 +73 +75 +76 +77 +78 +79 +80 +82 +83 -37 +87 +89 +90 +91 +92 +93 +94 -37 +95 +159 +96 +97 +98 +99 -37 +100 +101 +102 +103 +104 +105 +106 +107 $
>NZ_CP010725.1
+34 +35 +36 +37 +38 +39 +40 +41 +42 +43 -133 +45 +160 +46 +47 +48 +49 +50 +51 +52 +53 +130 +54 +56 +57 +58 +59 +60 +61 +62 +63 +64 +65 +66 +67 +69 -154 +70 +71 +72 +73 +74 +75 +76 +77 +78 +79 +80 +81 +82 +83 +84 +85 +86 -37 +87 +89 -129 -128 +90 +91 +92 +93 +94 -37 +95 +96 +97 +98 +99 -37 +100 +101 +102 +103 +104 +105 +106 +107 $
>NZ_CP081235.1
+34 +35 +36 +37 +38 +39 +40 +161 +162 +41 +42 +43 +44 +45 +46 +47 +48 +49 +50 +51 +52 +53 +54 +56 +57 +58 +59 +60 +61 +62 +63 +64 +65 +66 +67 +68 +69 +70 +155 +71 +72 +73 +74 +75 +76 +163 +77 +78 +79 +80 +81 +82 +83 +84 +85 +86 -37 +87 +89 +90 +91 +92 +93 +94 -37 +95 +96 +97 +98 +99 -37 +100 +101 +102 +103 +104 +105 +106 +107 $
>NZ_CP081240.1
+34 +35 +36 +37 +38 +39 +40 +161 +162 +41 +42 +43 +44 +45 -145 -144 +46 +47 +48 +49 +50 +51 +52 +53 +54 +56 +57 +58 +59 +60 +61 +62 +63 -132 +64 +65 +66 +67 +69 +70 +71 +72 +73 +74 +75 +76 +163 +77 +78 +79 +80 +81 +82 +83 +84 +85 +86 -37 +87 +89 +90 +91 +92 +93 +94 -37 +95 +96 +97 +98 +99 -37 +100 +101 +102 +103 +104 +105 +106 +107 $
>NZ_CP081216.1
+34 +35 +36 +37 +38 +39 +40 +161 +162 +41 +42 +43 +44 +45 +46 +47 +48 +49 +50 +51 +52 +53 +54 +56 +57 +58 +59 +60 +61 +62 +63 +64 +65 +66 +67 +68 +69 +70 +71 +72 +73 +74 +75 +76 +77 +78 +79 +80 +81 +82 +83 +84 +85 +86 -37 +87 +89 +90 +91 +92 +93 +94 -37 +95 +96 +97 +98 +99 -37 +100 +101 +102 +103 +104 +105 +106 +107 $
>NZ_CP010653.1
+30 +31 +32 +33 $
>NZ_CP081222.1
-116 -115 -114 -113 +125 -112 -124 -123 -122 -121 -120 -119 -118 -117 $
>NZ_CP081259.1
+120 +121 +122 +123 +124 +112 +113 +114 +115 +116 +117 +118 +119 $
>NZ_CP081244.1
-22 -21 -20 -110 +164 +161 +165 $
>NC_018286.1
+34 +35 +36 +37 +38 +39 +40 +41 +42 +43 +44 +45 +46 +138 +47 -133 +151 +48 +49 +50 +51 +52 +53 +54 +152 +56 +57 +58 +59 +60 +61 +62 +63 +64 +65 +66 +67 +69 +70 +153 +71 +72 +73 +74 +75 +76 +77 +78 +79 +80 +81 +82 +83 +84 +85 +86 -37 +87 +89 +90 +91 +92 +93 +94 -37 +95 +96 +97 +98 +99 -37 +100 +101 +102 +103 +104 +105 +106 +107 $
>NZ_CP081171.1
+22 -158 +166 +23 +20 +21 $
>NZ_CP081212.1
+34 +35 +36 +37 +38 +39 +40 +41 +42 +43 +44 +45 +46 +167 +168 +138 +47 +48 +49 +50 +51 +52 +53 +54 +56 +57 +58 +59 +60 +61 +62 +63 +64 +155 +65 +66 +67 +69 +70 +71 +72 +73 +74 +75 +76 +77 +78 +79 +80 +81 +82 +83 +84 +85 +86 +169 -37 +87 +89 +90 +91 +92 +93 +94 -37 +95 +96 +97 +98 +99 -37 +100 +101 +102 +103 +104 +105 +106 +107 $
>NZ_CP010696.1
+34 +35 +37 +38 +39 +40 +41 +42 +43 +44 +45 +158 +47 +48 +49 +50 +51 +52 +53 +54 +56 +57 +58 +59 +60 +61 +62 +63 +64 +65 +81 +66 +67 -131 +69 +70 +71 +72 +73 +75 +76 +170 +78 +79 +80 +82 -37 +87 +89 +90 +91 +92 +93 +171 +94 -37 +95 +159 +96 +98 +99 -37 +100 +101 +102 +103 +104 +105 +106 +107 $
>NC_018291.1
+120 +121 +122 +123 +124 +112 +113 +114 +115 +116 +172 +117 +118 +119 $
>NZ_CP081213.1
+114 +115 +116 +117 +118 +119 +120 +121 +122 +123 +124 +112 -127 -126 -125 +113 $
>NZ_CP031954.1
+173 -33 -32 -31 -30 $
>NZ_CP010741.1
+34 +37 +38 +39 +40 +174 -22 -21 -20 +41 +42 +43 +141 +44 +45 +47 +48 +49 +50 +51 +52 +53 +54 +56 +57 +58 +59 +60 +61 +62 +63 +64 +65 +81 +66 +175 +67 +69 +144 +70 +71 +72 +73 +75 +76 +77 +78 +79 +80 +82 +83 -37 +87 +89 +90 +91 +92 +93 +94 -37 +95 +96 +98 +99 -37 +100 +101 +102 +103 +104 +105 +106 +107 $
>NZ_CP010703.1
-154 +176 $
>NZ_CP010600.1
+120 +121 +122 +123 +124 +112 -125 +113 +114 +115 +116 +117 +118 +119 $
>NZ_CP019307.1
+56 +57 +58 +59 +60 +61 +62 +63 +64 +65 +66 +67 +69 +70 +71 +72 +73 +75 +76 -77 +78 +79 +80 +81 +82 +85 +86 -37 +87 +89 +90 +91 +92 +93 +94 -37 +95 +96 +97 +98 +99 -37 +100 +101 +102 +103 +104 +105 +106 +107 +34 +35 +36 +37 +38 +39 +40 +41 +42 +43 +44 +45 +46 +47 +48 +49 +50 +51 +52 +53 +54 $
>NZ_CP081223.1
-28 -27 $
>NZ_CP081225.1
+34 +35 +36 +37 +38 +39 +40 +41 +42 +43 +44 +45 +160 +46 +167 +168 +138 +47 +48 +49 +50 +51 +52 +53 +54 +56 +57 +58 +59 +60 +61 +62 +63 +64 +65 +66 +67 -131 +69 +70 +71 +72 +73 +74 +75 +76 +177 +77 +78 +79 +80 +81 +82 +83 +84 +85 +86 +169 -37 +87 +89 +90 +91 +92 +93 +94 -37 +95 +96 +97 +98 +99 -37 +100 +101 +102 +103 +104 +105 +106 +107 $
>NZ_CP081221.1
+52 -52 -51 -50 -49 -48 -47 -46 +144 +145 -45 -44 -43 -42 -41 -40 -39 -38 -37 -36 -35 -34 -107 -106 -105 -104 -103 -102 -101 -100 +37 -99 -98 -97 -96 -95 +37 -94 -93 -92 -91 -90 -89 -88 -87 +37 -86 -85 -84 -83 -82 -81 -80 -79 -78 -77 -76 -75 -74 -73 -72 -71 -70 -69 -67 -66 -65 -64 -63 -62 -61 -60 -59 -58 -57 -56 -54 -53 -52 -51 $
>NZ_CP010634.1
+3 +4 $
>NZ_CP081170.1
+34 +35 +37 +38 +39 +40 +111 -161 +109 +41 +42 +43 +44 +45 +47 +48 +49 +50 +51 +52 +53 +54 +56 +57 +58 +59 +60 +61 +62 +63 +64 +65 +81 +66 +67 +69 +70 +155 +71 +72 +73 +75 +76 +178 +77 +78 +79 +80 +82 +83 +84 +85 +86 -37 +87 +89 +90 +91 +92 +93 +94 -37 +95 +96 +156 +97 +98 +99 -37 +100 +101 +102 +103 +104 +105 +106 +107 $
>NZ_CP081276.1
+20 +21 +22 +111 +161 +162 +23 $
>NZ_CP081220.1
+31 +32 +33 +30 $
>NZ_CP081236.1
+23 +20 +21 +22 +179 +180 -110 +109 $
>NZ_CP010635.1
+12 +13 +14 $
>NZ_CP081267.1
+21 +22 +111 +23 +20 $
>NZ_CP081230.1
+34 +35 +36 +37 +38 +39 +40 +161 +162 +41 +42 +43 +44 +45 +46 +47 +48 +49 +50 +51 +52 +53 +54 +56 +57 +58 +59 +60 +61 +62 +179 +180 -110 +109 +63 -132 +64 +65 +66 +67 +69 +70 +71 +72 +73 +74 +75 +76 +77 +78 +79 +80 +81 +82 +83 +84 +85 +86 -37 +87 +89 +90 +91 +92 +93 +94 -37 +95 +96 +97 +98 +99 -37 +100 +101 +102 +103 +104 +105 +106 +107 $
>NZ_CP010733.1
-154 +176 $
>NZ_CP081258.1
-164 +181 +166 -161 +110 +20 +21 +22 -165 $
>NZ_CP081280.1
+34 +35 +36 +37 +38 +39 +40 +41 +42 +43 +44 +45 +46 +47 +48 +49 +50 +51 +52 +53 +54 +56 +57 +58 +59 +60 +61 +62 +63 +64 +65 +66 +67 +68 +69 +70 +71 +72 +73 +74 +75 +76 -132 +77 +78 +79 +80 +81 +82 +83 +84 +85 +86 -37 +87 +168 +139 +89 +90 +91 +92 +93 +94 -37 +95 +96 +97 +98 +99 -37 +100 +101 +102 +103 +104 +105 +106 +107 $
>NZ_CP031951.1
-28 -27 $
>NZ_CP031948.1
+34 +37 +140 -99 -98 +41 +42 +43 +44 +45 +46 +47 +48 +49 +50 +51 +52 +53 +54 +56 +57 +58 +59 +60 +61 +62 +63 +64 +65 +81 +66 +67 +69 +143 +70 +71 +72 +73 +75 +144 +145 +76 +130 +4 +77 +78 +79 +80 +82 +85 +146 -37 +87 +89 +90 +91 +92 +93 +94 +147 -37 +95 +96 +148 +149 -40 -39 -38 -37 +100 +150 +102 +103 +104 +105 +106 +107 $
>NZ_CP081252.1
+34 +35 +37 +38 +39 +40 +41 +42 +43 +44 +45 +46 +47 +48 +49 +50 +51 +52 +53 +54 +56 +57 +58 +59 +60 +61 +62 +63 +64 +65 +81 +66 +67 -131 +69 +70 +71 +72 +73 +75 +76 +77 +78 +79 +80 +182 +82 +83 +84 +85 +86 -37 +87 +89 +90 +91 +92 +93 +94 -37 +95 +96 +97 +98 +99 -37 +100 +101 +102 +103 +104 +105 +106 +107 $
>NZ_CP019311.1
+28 +27 $
>NZ_CP010632.1
+30 +32 +33 $
>NZ_CP081271.1
+34 +35 +36 +37 +38 +39 +40 +161 +162 -23 +109 +41 +42 +43 +44 +45 +46 +47 +48 +49 +50 +51 +52 +53 +54 +56 +57 +58 +59 +60 +61 +62 +63 +64 +65 +66 +67 +69 +70 +71 +72 +73 +74 +75 +76 +157 +77 +78 +79 +80 +81 +82 +83 +84 +85 +86 -37 +87 +139 +89 +90 +91 +92 +93 +94 -37 +95 +96 +97 +98 +99 -37 +100 +101 +102 +103 +104 +105 +106 +107 $
>NZ_CP125870.1
+34 +37 +38 +39 +40 +41 -29 +42 +44 +45 +47 +48 +49 +50 +51 +52 +53 +54 -72 -71 +57 +58 +59 +60 +61 +62 -63 +64 +65 +66 +67 +68 +69 +70 -56 +73 -109 +75 +76 +178 +78 +79 +80 +81 +82 -37 +87 +89 +90 +91 +92 +93 +94 -37 +95 +96 +20 +98 -37 +100 +101 +102 +103 +104 +105 +106 +107 $
>NZ_CP010671.1
+27 +28 $
>NZ_CP081270.1
+32 +33 +30 +31 $
>NZ_CP081254.1
+122 +123 +124 +112 +109 -125 +113 +114 +115 +116 +117 +118 +119 +120 +121 $
>NZ_CP081257.1
+34 +37 -99 -98 +41 +42 +43 +44 +45 -29 +46 +47 +48 +49 +50 +51 +52 +53 +183 +54 +56 +57 +58 +59 +60 +61 +62 +63 +64 +65 +81 +66 +35 +67 +68 +69 +70 +71 +72 +73 +75 +76 +77 +78 +79 +80 +82 +85 +86 -37 +87 +89 +90 +91 +92 +93 +94 +147 -37 +95 +96 -40 -39 -38 -37 +100 +101 +102 +103 +104 +105 +106 +107 $
>NZ_CP081248.1
+34 +35 +37 +38 +39 +40 +41 +42 +43 +44 +45 +161 +47 +48 +49 +50 +51 +52 +53 +54 +56 +57 +58 +59 +60 +61 +62 +63 +64 +65 +81 +66 +67 +69 +70 +71 +72 +73 +111 +75 +76 +177 +77 +78 +79 +80 +82 +83 +84 +85 +86 -37 +87 +89 +90 +91 +92 +93 +94 -37 +95 +96 +97 +98 +99 -37 +100 +101 +102 +103 +104 +105 +106 +107 $
>NZ_CP081233.1
-30 -33 -32 -31 $
>NZ_CP010623.1
+34 +35 +37 +38 +39 +40 +41 +42 +43 +44 +45 +158 +47 +48 +49 +50 +51 +52 +53 +54 +56 +57 -171 +58 +59 +60 +61 +62 +63 +64 +65 +81 +66 +67 -131 +69 +70 +71 +72 +73 +75 +76 +170 +78 +79 +80 +82 -37 +87 +89 +90 +91 +92 +93 +94 -37 +95 +159 +96 +98 +99 -37 +100 +101 +102 +103 +104 +105 +106 +107 $
>NZ_CP010668.1
+34 +35 +37 +38 +39 +40 -24 +41 +42 +43 +141 +44 +45 +158 +47 +48 +49 +50 +51 +52 +53 +54 +56 +57 +58 +59 +60 +61 +62 +63 +64 +65 +81 +66 +67 -131 +69 +70 +71 +72 +73 +75 +76 +170 +78 +79 +80 +82 -37 +87 +89 +90 +91 +92 +93 +94 -37 +95 +159 +96 +98 +99 -37 +100 +101 +102 +103 +104 +105 +106 +107 $
>NZ_CP010667.1
+12 +13 +14 $
>NZ_CP010630.1
+120 +121 +122 +183 -112 -124 -123 -115 -114 +117 +118 +119 $
>NC_018290.1
+34 +37 +140 -99 -98 +41 +42 +43 +44 +45 +46 +47 +48 +49 +50 +51 +52 +53 +54 +56 +57 +58 +59 +60 +61 +62 +63 +64 +65 +81 +66 +67 +68 +142 +69 +143 +70 +71 +72 +73 +75 +144 +145 +76 +130 +4 +77 +78 +79 +80 +82 +85 +146 -37 +87 +89 +90 +91 +92 +93 +94 +147 -37 +95 +96 +148 +149 -40 -39 -38 -37 +100 +150 +102 +103 +104 +105 +106 +107 $
>NZ_CP081263.1
+124 +112 -109 +113 +114 +115 +116 +117 +118 +119 +120 +121 +122 +123 $
>NZ_CP010701.1
+30 +31 +32 +33 $
>NZ_CP010746.1
+120 +121 +122 +123 +124 +112 -125 +113 +114 +115 +116 +117 +118 +119 $
>NZ_CP081262.1
+34 +35 +36 +37 +38 +39 +40 +136 -81 -182 +41 +42 +43 +44 +45 +137 +138 +47 +48 +49 +50 +51 +52 +53 +54 +56 +57 +58 +59 +60 +61 +62 +63 +64 +65 +66 +67 +69 +70 +71 +72 +73 +74 +75 +76 +77 +78 +79 +80 +82 +83 +84 +85 +86 -37 +87 +89 +90 +91 +92 +93 +94 -37 +95 +96 +97 +98 +99 -37 +100 +101 +102 +103 +104 +105 +106 +107 $
>NC_018288.1
-28 -27 $
>NZ_CP010706.1
+120 +121 +122 +123 +124 +112 -125 +113 +114 +115 +116 +117 +118 +119 $
>NZ_CP010708.1
-165 -23 +184 -182 +181 +20 +21 +22 $
>NC_018421.1
+120 +121 +122 +123 +124 +112 -127 -125 +113 +114 +115 +116 +117 +118 +119 $
>NZ_CP010713.1
+12 +13 +14 $
>NZ_CP010602.1
-165 -23 +184 -182 +181 +20 +21 +22 $
>NZ_CP010737.1
-165 +109 +111 -23 +130 +110 +20 +21 +22 $
>NZ_CP010633.1
+28 $
>NZ_CP010726.1
+120 +121 +122 +123 +124 +112 -125 +113 +114 +115 +116 +117 +118 +119 $
>NZ_CP010727.1
+25 +109 -108 -179 +23 +9 $
>NZ_CP081229.1
+32 +33 +30 +31 $
>NZ_CP081282.1
-91 $
>NZ_CP031953.1
+120 +121 +122 +123 +124 +112 -127 -125 +113 +114 +115 +116 +117 +118 +119 $
>NC_018423.1
+173 -33 -32 -31 -30 $
>NZ_CP010629.1
+34 +37 +39 +40 -99 -98 -96 -95 +37 -94 -93 -92 -91 -90 +129 -89 -87 +37 -86 -85 -84 -83 -82 +81 -80 -79 -76 -75 -73 -72 -71 -70 -69 -67 -66 -35 -65 -64 -63 -62 -61 -60 -59 -58 -57 -56 -54 -53 -52 -51 -50 -49 -48 -47 -45 -44 -23 -42 -41 -37 +100 +101 +102 -106 -105 -104 -103 +107 $
>NZ_CP010757.1
+120 +121 +122 +123 +124 +112 -125 +113 +114 +115 +116 +117 +118 +119 $
>NZ_CP010759.1
-165 -23 +184 -182 +181 +20 +21 +22 $
>NZ_CP031949.1
+120 +121 +122 +123 +124 +112 +113 +114 +115 +116 +172 +117 +118 +119 $
>NZ_CP125871.1
+17 +114 +115 +116 +117 +118 +119 +120 +121 +122 +123 +124 +112 $
>NZ_CP081260.1
-28 -27 $
>NZ_CP081269.1
+27 +28 $
>NZ_CP010745.1
+34 +37 +38 +39 +40 +174 -22 -21 -20 +41 +42 +43 +44 +45 +47 +48 +49 +50 +51 +52 +53 +54 +55 +56 +57 +58 +59 +60 +61 +62 +63 +64 +65 +81 +66 +175 +67 +69 +70 +71 +72 +73 +75 +76 +77 +78 +79 +80 +82 +83 -37 +87 +89 +90 +91 +92 +93 +94 -37 +95 +68 +96 +98 +99 -37 +100 +101 +102 +103 +104 +105 +106 +107 $
>NZ_CP081251.1
-33 -32 -31 -30 $
>NZ_CP125873.1
-27 -28 $
>NC_018287.1
-33 -32 -31 -30 $
>NZ_CP081283.1
-119 -118 -117 -116 -115 -114 -113 +125 -112 -124 -123 -122 -121 -120 $
>NZ_CP081266.1
+34 +35 +36 +37 +38 +39 +40 +41 +42 +43 +44 +45 +46 +47 +48 +49 +50 +51 +52 +53 +54 +56 +57 +58 +59 +60 +61 +62 +63 -132 +64 +65 +66 +67 +69 +70 +71 +72 +73 +74 +75 +76 +178 +77 +78 +79 +80 -81 -162 -161 +82 +83 +84 +85 +86 -37 +87 +89 +90 +91 +92 +93 +94 -37 +95 +96 +97 +98 +99 -37 +100 +101 +102 +103 +104 +105 +106 +107 $
>NZ_CP010596.1
+120 +121 +122 +123 +124 +112 +113 +114 +115 +116 +172 +117 +118 +119 $
>NZ_CP010661.1
+34 +35 +36 +37 +38 +39 +40 +136 +41 +42 +43 -133 +44 +45 +137 +138 +47 +48 +49 +50 +51 +52 +53 +54 +56 +57 +58 +59 +60 +61 +62 +63 +64 +65 +66 +67 +68 +69 +70 +71 +72 +73 +74 +75 +76 +77 +78 +79 +80 +81 +82 +83 +84 +85 +86 -37 +87 +139 +89 +90 +91 +92 +93 +94 -37 +95 +96 +97 +98 +99 -37 +100 +101 +102 +103 +104 +105 +106 +107 $
>NZ_CP081268.1
+115 +116 +117 +118 +119 +120 +121 +122 +123 +124 +112 +183 -125 +113 +114 $
>NZ_CP081219.1
+27 +28 $
>NZ_CP081249.1
+124 +112 +109 -125 +113 +114 +115 +116 +117 +118 +119 +120 +121 +122 +123 $
>NZ_CP010669.1
+120 +121 +122 +123 +124 +112 +113 +114 +115 +116 +117 +118 +119 $
>NZ_CP010753.1
+27 +28 $
>NZ_CP010624.1
+120 +121 +122 +123 +124 +112 +113 +114 +115 +116 +117 +118 +119 $
>NZ_CP010666.1
+3 +4 $
>NZ_CP010625.1
+30 +31 +32 +33 $
>NZ_CP010697.1
+120 +121 +122 +123 +124 +112 +113 +114 +115 +116 +117 +118 +119 $
>NZ_CP010663.1
+120 +121 +122 +123 +124 +112 -109 +113 +114 +115 +116 +117 +118 +119 $
>NZ_CP081265.1
-33 -32 -31 -30 $
>NZ_CP081242.1
-33 -32 -31 -30 $
>NZ_CP010610.1
+34 +35 +36 +37 +38 +39 +40 +136 +41 +42 +43 -133 +44 +45 +137 +138 +47 +48 +49 +50 +51 +52 +53 +54 +56 +57 +58 +59 +60 +61 +62 +63 +64 +65 +66 +67 +68 +69 +70 +71 +72 +73 +74 +75 +76 +77 +78 +79 +80 +81 +82 +83 +84 +85 +86 -37 +87 +139 +89 +90 +91 +92 +93 +94 -37 +95 +96 +97 +98 +99 -37 +100 +101 +102 +103 +104 +105 +106 +107 $
>NZ_CP010618.1
+120 +121 +122 +123 +124 +112 +109 -125 +113 +114 +115 +116 +117 +118 +119 $
>NZ_CP081166.1
+61 +62 +63 -132 +64 +65 +81 +66 +67 +69 +70 +71 +72 +73 +75 +76 +169 +77 +78 +79 +80 +161 -125 +82 +83 +84 +85 +86 -37 +87 +89 +90 +91 +92 +93 +94 -37 +95 +96 +97 +98 +99 -37 +100 +101 +102 +103 +104 +105 +106 +107 +34 +35 +37 +38 +39 +40 +41 +154 +42 +43 +44 +45 +46 +47 +48 +49 +50 +51 +52 +53 +54 +56 +57 +58 +59 +60 +61 $
>NZ_CP010651.1
+120 +121 +122 +123 +124 +112 +109 -125 +113 +114 +115 +116 +117 +118 +119 $
>NZ_CP081278.1
+27 +28 $
>NZ_CP010742.1
+120 +121 +122 +123 +124 +112 -125 +113 +114 +115 +116 +117 +118 +119 $
>NZ_CP010650.1
+34 +35 +37 +38 +39 +40 +158 +41 +42 +43 +44 +45 +46 +47 +48 +49 +50 +51 +52 +53 +54 +56 +57 +58 +59 +60 +61 +62 +63 +64 +65 +81 +66 +67 +69 +70 +71 +72 +73 +75 +29 +76 +77 +78 +79 +80 +82 +83 +84 +85 +86 -37 +87 +89 +90 +91 +92 +93 +94 -37 +95 +96 +97 +98 +99 -37 +100 +101 +102 +103 +104 +105 +106 +107 $
>NZ_CP081174.1
-33 -32 -31 -30 $
>NZ_CP081285.1
+33 +30 +31 +32 $
>NZ_CP081250.1
-28 -27 $
>NZ_CP081239.1
-33 -32 -31 -30 $
>NZ_CP081224.1
-33 -32 -31 -30 $
>NZ_CP081215.1
-30 -33 -32 -31 $
>NZ_CP010748.1
+27 +28 $
>NZ_CP010738.1
+30 +31 +32 +33 $
>NZ_CP081169.1
-30 -33 -32 -31 $
>NZ_CP019308.1
+115 +116 +117 +118 +119 +120 +121 +122 +123 +124 +112 -125 +113 +114 $
>NZ_CP010612.1
+120 +121 +122 +123 +124 +112 -109 +113 +114 +115 +116 +117 +118 +119 $
>NZ_CP031950.1
-33 -32 -31 -30 $
>NZ_CP125872.1
-33 -32 -31 -30 $
>NZ_CP081253.1
-104 +23 -111 +110 +20 +21 +22 -165 -161 $
>NZ_CP081279.1
+30 +31 +32 +33 $
>NZ_CP081261.1
+30 +31 +32 +33 $
>NZ_CP010621.1
+1 +2 $
>NZ_CP010616.1
+12 +13 +14 $
>NZ_CP010700.1
-24 $
>NZ_CP010613.1
+30 +31 +32 +33 $
>NZ_CP010710.1
+30 +31 +32 +33 $
>NZ_CP010670.1
+30 +31 +32 +33 $
>NZ_CP019310.1
-33 -32 -31 -30 $
